44 53 54 15 19 48 16 39 56 42 39 16 52 50 46 39 54 53 16 42 39 50 45 41 26 37 33 27 38 13 41 33 42 35 42 50 41 46 21 57 13 19 45 31 47 53 43 16 56 46 45 33 44 17 14 17 12 36 41 29 18 41 41 17 56 38 52 55 40 21 57 30 36 47 24 46 15 49 25 31 54 12 17 30 26 48 41 48 54 49 45 11 48 51 50 42 44 51 25 16 
43 46 38 19 23 10 15 40 41 20 15 57 28 26 56 49 43 28 13 21 20 45 50 30 56 20 55 50 55 30 23 46 20 28 16 17 16 11 39 54 14 36 23 56 53 24 25 47 50 57 29 43 58 40 14 22 46 20 40 21 19 28 40 48 42 11 12 51 16 14 39 33 20 25 47 29 28 59 22 56 28 48 49 50 43 32 49 13 54 25 13 30 29 49 28 47 34 16 48 26 
56 18 46 30 42 35 36 19 51 52 31 47 19 49 43 31 47 37 34 48 24 22 15 37 16 29 53 12 22 31 52 17 28 54 58 25 39 31 58 11 47 35 39 18 43 56 47 17 48 35 55 20 30 50 27 16 14 32 56 16 39 10 53 13 19 18 45 49 31 40 37 10 51 12 53 54 17 31 16 13 26 38 48 22 24 45 32 43 30 12 12 58 16 23 21 20 44 24 45 31 
52 22 48 49 11 29 19 48 34 34 27 48 16 58 38 13 19 24 30 19 35 15 17 28 10 38 38 37 13 15 49 50 29 40 53 17 52 36 47 19 49 41 12 43 52 39 17 49 40 25 43 54 23 23 35 21 57 21 45 55 17 16 54 15 34 16 52 10 45 30 41 26 46 44 51 57 27 57 49 52 56 44 33 32 58 33 51 26 21 41 51 21 53 55 56 39 33 10 10 13 
38 41 51 33 52 20 48 23 48 39 33 30 47 15 24 41 10 57 21 18 27 12 38 55 49 39 59 43 56 44 36 39 23 13 51 13 24 55 58 52 50 55 24 32 25 20 49 30 59 57 51 34 12 31 50 23 45 26 49 56 58 24 18 53 41 40 17 46 30 22 23 26 23 15 58 32 41 21 10 53 51 59 54 47 42 29 27 23 26 20 52 29 23 40 18 16 57 16 12 56 
31 10 37 16 45 21 47 12 44 33 43 23 42 39 42 10 26 18 53 17 19 25 25 40 32 27 18 41 32 17 17 50 17 21 17 53 31 47 53 28 12 48 58 42 12 37 17 45 53 26 38 54 51 31 17 22 42 19 52 37 37 15 51 51 43 41 30 42 14 28 24 23 34 59 12 37 25 47 48 15 37 11 28 44 37 56 30 16 22 55 55 51 42 18 54 14 54 23 48 58 
15 49 11 33 57 29 39 27 55 56 10 58 57 51 35 50 59 19 16 53 52 50 34 18 39 48 33 10 24 14 27 40 36 12 35 37 44 30 53 33 50 19 28 38 36 55 13 45 25 36 30 22 40 36 19 20 37 10 34 43 41 16 47 11 28 52 24 51 15 54 40 40 24 58 49 56 22 27 14 58 38 40 34 52 24 47 20 24 55 24 53 29 36 58 54 23 30 15 20 18 
58 23 44 35 18 24 40 39 13 59 45 10 11 14 40 48 18 12 20 39 53 42 25 41 34 40 30 49 12 51 54 35 32 43 54 51 19 55 36 55 14 37 49 10 38 20 31 20 14 26 57 48 26 16 38 39 40 56 47 54 24 38 28 43 30 51 33 56 38 49 58 26 10 17 42 13 22 42 56 19 51 21 35 44 25 12 34 28 53 34 29 59 57 58 44 37 35 32 48 11 
17 40 51 21 48 49 20 59 30 21 43 36 12 56 31 40 46 46 55 35 33 36 52 59 34 39 11 38 27 58 17 51 10 12 59 10 51 21 24 13 20 52 13 38 24 25 23 59 34 52 14 27 50 22 44 59 38 23 23 57 47 10 46 53 48 28 30 22 57 15 56 49 30 47 45 50 57 52 27 13 40 25 12 29 57 14 38 34 43 21 23 14 34 58 10 50 58 16 34 11 
28 15 28 50 47 15 38 15 45 45 10 39 14 11 35 25 47 41 21 20 57 41 15 34 48 48 21 31 26 25 22 57 41 53 18 34 29 12 26 24 19 46 11 47 32 55 23 36 11 23 49 42 48 22 49 50 17 28 25 27 19 32 55 59 31 28 41 31 16 12 46 54 50 41 38 39 33 19 52 58 47 31 12 30 26 57 32 35 12 30 59 44 14 29 43 28 48 34 16 27 
10 39 42 58 57 54 19 56 16 30 51 49 53 56 23 41 31 32 56 38 48 49 25 59 15 44 18 44 35 35 49 31 54 45 54 30 35 21 34 31 26 45 19 50 53 16 14 57 49 19 17 12 33 47 48 26 57 51 12 49 47 57 30 27 59 36 33 51 58 45 51 54 18 22 58 32 15 31 19 13 58 55 14 22 26 15 58 22 17 56 28 24 14 28 55 23 55 14 43 14 
28 10 39 21 42 18 56 20 53 33 27 22 16 41 49 19 40 50 47 31 35 34 26 41 17 25 53 19 10 31 38 16 44 34 57 55 10 21 23 15 24 10 28 36 27 45 42 30 54 22 52 44 46 21 12 59 27 19 12 50 48 54 26 30 13 15 47 32 47 37 19 23 33 41 32 46 51 18 52 23 22 43 25 58 45 57 35 17 44 54 32 33 54 33 14 19 39 53 57 21 
38 19 25 26 25 26 22 52 18 58 41 39 48 33 56 49 40 41 10 40 47 51 21 51 58 49 33 18 19 10 18 51 27 35 10 14 46 27 14 45 45 31 38 45 25 14 54 10 15 29 41 29 58 16 41 51 38 33 49 57 48 36 34 35 25 39 10 46 49 58 43 59 31 49 47 44 44 25 32 47 53 52 32 26 32 35 39 51 31 31 14 53 10 22 43 50 49 27 51 28 
30 13 35 27 52 42 18 51 58 18 23 53 11 47 26 28 28 28 46 57 33 57 33 12 25 16 38 25 29 53 58 20 54 20 14 50 47 22 44 54 27 28 45 14 42 26 51 57 56 13 33 38 43 22 50 38 34 41 49 35 44 46 45 56 22 23 45 27 47 15 35 14 30 23 20 23 26 54 57 28 19 24 22 34 44 16 41 50 44 25 22 40 29 36 30 10 54 28 26 21 
32 16 36 13 49 20 24 11 42 45 44 11 45 12 23 24 22 50 21 47 38 41 44 11 50 20 48 17 59 11 10 16 55 31 31 48 35 35 17 38 25 46 33 49 45 41 15 47 54 16 26 51 11 47 52 42 31 12 55 31 11 47 37 35 50 51 40 17 11 14 32 31 27 15 33 11 38 58 46 48 31 21 10 38 19 32 38 19 13 19 28 51 27 20 13 10 46 17 36 59 
33 24 35 30 55 32 56 56 41 30 20 28 18 19 30 13 14 16 14 13 11 53 29 44 54 38 53 51 50 17 27 25 32 41 16 48 15 55 14 33 28 47 56 17 11 32 14 50 41 20 58 27 54 22 24 24 14 53 19 17 46 39 25 16 50 42 49 37 26 42 41 50 23 41 14 44 18 14 58 18 43 12 58 17 13 34 32 45 44 51 15 49 13 36 13 13 44 42 41 56 
30 15 24 20 40 20 38 37 42 20 47 40 52 13 13 27 22 30 25 31 39 16 11 54 44 25 27 20 47 29 44 42 36 18 21 14 55 12 41 43 10 48 32 47 19 21 16 14 59 30 43 14 59 16 14 39 55 26 35 28 35 14 54 16 59 52 58 11 44 22 44 52 17 49 57 46 49 54 11 24 33 39 15 37 57 50 35 10 46 56 16 21 49 38 25 45 31 23 14 48 
40 26 15 25 13 42 44 48 48 42 44 56 27 12 41 30 30 48 22 51 40 47 12 45 38 38 15 52 57 33 38 34 20 29 46 51 14 39 58 58 47 17 12 55 55 33 35 32 54 42 43 20 10 45 54 43 16 21 17 16 42 52 18 54 41 19 13 40 28 23 31 54 53 24 39 54 58 54 54 21 33 44 49 14 35 50 44 42 22 41 58 41 29 28 42 29 39 33 29 58 
27 41 49 51 24 42 43 10 55 59 53 37 50 50 32 21 26 22 52 51 43 51 55 38 46 13 52 46 24 43 12 34 41 20 34 11 57 33 19 22 28 14 12 53 14 36 50 21 53 57 19 45 55 35 12 10 11 23 44 57 25 48 14 14 50 37 11 13 47 22 45 45 18 18 25 22 32 12 34 16 16 33 53 50 21 47 31 48 41 20 30 59 25 32 24 59 40 54 26 35 
14 19 37 41 30 48 43 20 37 36 34 50 42 25 19 50 39 17 55 35 27 21 50 57 55 30 36 28 27 30 25 53 10 32 12 15 10 38 20 27 55 50 34 26 22 59 17 23 26 45 14 28 23 18 54 28 57 56 45 12 58 21 28 23 30 49 59 41 21 15 28 16 44 27 41 32 52 24 33 34 57 47 54 58 46 24 54 39 51 41 33 22 54 19 39 58 13 28 18 57 
31 39 11 37 37 21 12 53 49 45 38 23 54 19 26 12 23 16 58 33 37 15 34 11 32 12 49 26 28 39 53 36 43 20 12 41 15 56 10 44 32 58 10 56 46 55 36 56 58 36 30 11 23 24 55 38 40 38 17 36 19 37 26 29 16 50 17 59 34 14 51 52 37 21 27 55 45 19 23 55 18 26 22 11 31 12 54 54 48 35 26 55 31 22 55 40 40 53 58 40 
29 19 33 30 45 35 38 29 56 38 49 37 16 43 37 16 27 39 58 17 29 55 58 25 27 31 41 51 14 53 42 45 47 53 48 41 11 51 27 16 28 52 10 22 56 58 32 44 39 31 17 24 26 50 49 28 25 31 29 49 18 39 42 39 14 50 18 36 57 23 50 11 39 39 57 47 41 13 16 10 55 30 29 32 49 55 24 34 50 20 25 46 27 15 24 49 48 25 38 58 
28 16 48 14 46 21 10 31 34 43 19 16 42 59 15 54 35 34 43 57 52 16 45 11 40 34 14 39 32 28 54 57 33 46 32 48 14 22 41 28 39 34 25 37 47 40 51 59 45 36 16 50 50 46 20 37 37 17 17 46 58 21 18 22 58 11 52 48 23 28 59 17 12 22 35 42 43 29 29 58 26 10 28 24 16 25 54 23 11 46 51 32 12 50 16 19 37 41 54 17 
32 31 27 54 14 57 56 23 46 30 46 36 12 35 13 48 59 15 53 10 47 57 42 53 44 45 21 38 45 16 14 20 40 14 14 32 38 57 13 59 37 45 36 53 35 22 44 46 24 59 24 31 25 15 16 16 15 48 10 54 35 12 18 44 43 13 52 19 55 36 18 40 40 42 17 40 58 35 47 51 25 53 47 57 38 17 20 26 29 21 29 24 10 27 44 16 52 12 45 26 
10 27 35 14 43 55 30 37 50 31 16 36 15 19 22 34 57 13 21 21 37 20 44 40 10 34 40 40 17 29 23 34 15 42 52 16 24 52 16 44 12 35 16 32 45 17 14 15 12 14 21 19 16 21 41 18 59 25 55 57 21 44 10 35 22 42 53 42 10 32 57 28 22 25 15 10 10 19 14 26 32 32 12 41 41 13 25 19 41 41 42 34 55 57 39 41 32 42 16 42 
53 57 15 38 53 22 17 14 34 31 46 39 19 29 50 53 26 34 24 57 18 23 56 10 57 48 44 41 38 14 15 44 19 40 44 58 37 16 47 47 15 43 54 25 10 13 34 58 53 23 28 21 28 41 23 18 58 45 15 49 28 38 17 27 53 14 32 14 23 11 32 19 20 39 52 19 44 42 43 17 12 35 40 10 59 33 23 27 36 10 40 32 53 54 55 17 22 36 35 41 
48 29 52 48 20 24 42 59 31 10 49 31 19 35 10 25 37 38 21 36 12 54 12 35 24 52 33 11 12 33 35 13 34 39 59 39 19 48 59 25 36 21 56 13 58 26 57 13 54 37 34 44 51 19 15 41 47 23 23 15 34 33 45 11 58 57 55 59 46 45 10 24 55 33 40 26 21 26 58 41 48 18 19 48 33 13 13 57 58 37 36 22 24 27 48 25 28 52 46 11 
28 15 57 16 29 15 26 13 22 34 42 36 13 30 34 32 13 10 10 18 34 13 18 37 37 36 31 51 51 25 59 46 17 56 46 36 59 37 32 54 15 30 19 50 59 23 21 35 58 50 46 43 35 59 37 33 14 36 54 25 54 56 23 12 44 14 42 11 41 37 22 56 39 27 39 52 23 43 14 40 14 22 14 15 45 40 42 31 47 30 24 25 13 25 20 55 20 55 15 24 
16 31 21 11 35 57 10 11 20 22 11 20 38 45 41 20 10 40 25 20 21 38 57 52 35 30 22 28 49 40 55 32 21 53 17 45 30 47 52 12 42 38 35 56 49 57 30 51 39 11 10 33 15 32 17 49 33 51 47 21 46 29 53 34 20 19 55 45 56 42 27 36 12 37 59 34 41 59 13 11 36 52 10 58 38 28 59 16 33 28 56 33 38 47 55 53 54 45 47 50 
47 18 45 52 27 29 42 31 40 37 32 59 32 23 55 10 56 45 39 24 10 59 44 39 49 38 59 33 28 12 45 50 24 48 25 21 33 57 49 17 51 39 58 46 36 59 32 40 53 47 33 21 45 35 59 18 27 45 18 29 24 30 50 11 12 42 32 42 35 29 12 51 19 15 57 25 53 37 45 43 20 53 19 47 32 12 35 25 35 38 35 15 51 13 20 56 51 55 26 10 
15 52 17 33 37 13 57 31 29 17 34 22 10 57 12 45 27 32 28 56 12 58 36 47 14 21 30 49 28 27 47 55 54 51 54 18 10 29 27 33 12 44 28 52 55 24 49 36 49 33 43 12 27 59 49 30 45 14 26 59 34 45 58 32 57 12 16 23 18 25 55 11 24 45 41 48 16 50 50 44 27 21 10 19 24 28 22 47 56 34 58 49 47 30 55 24 42 25 12 51 
55 16 30 34 11 27 22 52 12 29 59 22 18 48 23 28 29 17 37 56 54 23 43 54 34 48 58 16 40 59 12 17 44 40 32 12 53 29 45 43 27 54 18 42 39 52 19 31 12 13 31 35 38 51 37 35 42 21 38 21 56 15 14 37 16 44 57 29 25 43 12 43 56 34 10 22 38 17 16 57 33 30 45 57 20 28 32 39 11 30 53 23 12 29 59 40 49 19 20 44 
26 22 18 32 38 11 19 47 21 28 53 47 20 20 57 16 57 39 23 43 14 59 45 49 52 16 37 26 18 37 27 54 19 38 11 59 55 26 31 15 11 49 25 47 59 29 29 31 34 38 39 43 14 53 47 31 55 28 42 39 38 40 50 49 44 27 39 39 35 33 37 48 37 48 45 26 48 41 10 45 32 10 35 44 35 30 25 10 38 27 40 56 21 33 30 26 22 57 53 52 
21 38 14 22 59 35 45 28 13 49 54 57 41 58 12 27 33 17 32 34 18 43 14 20 26 33 48 37 47 46 47 40 14 45 44 38 46 28 41 22 10 16 49 26 13 15 45 27 25 58 44 26 36 24 17 11 20 48 55 11 30 44 25 52 59 56 57 38 49 19 27 50 35 38 38 17 13 14 27 55 18 17 17 29 32 14 41 31 49 27 33 34 56 15 34 28 13 57 24 23 
10 54 57 59 52 56 33 51 16 19 23 12 53 35 16 32 36 57 46 43 37 22 54 13 41 59 56 13 30 32 35 15 52 26 29 26 46 14 34 24 11 45 14 57 29 20 39 44 45 30 46 15 41 33 30 33 42 54 58 59 24 13 50 29 39 11 23 28 22 18 56 57 10 54 56 53 24 45 57 49 30 21 54 56 54 58 35 49 15 15 46 48 20 34 12 18 52 48 58 54 
20 58 22 58 42 57 37 43 12 20 42 56 57 25 44 14 21 47 38 44 25 50 12 27 55 42 23 27 28 47 37 33 17 58 24 31 28 50 17 39 42 32 18 47 55 47 18 17 45 44 37 54 51 39 15 27 27 15 33 11 53 29 20 35 44 54 56 33 16 58 23 12 11 35 14 27 49 25 21 58 58 14 54 26 45 22 53 58 13 51 47 46 54 48 31 49 51 53 50 49 
52 25 25 41 41 49 46 12 37 47 46 28 52 17 13 45 44 25 59 14 34 42 57 29 40 59 19 47 59 53 22 31 59 24 21 59 55 10 14 22 52 34 29 23 52 14 25 56 23 39 23 42 22 50 57 38 11 14 18 33 54 25 25 13 52 43 34 11 12 20 24 15 15 35 34 43 37 14 20 24 56 19 31 12 24 18 46 20 16 32 48 56 51 20 34 30 46 41 21 46 
22 44 15 30 14 38 54 35 55 25 48 42 12 37 12 21 59 51 23 47 28 13 14 23 59 52 25 46 11 36 14 39 56 50 16 59 46 24 59 15 43 39 27 41 19 30 30 20 29 59 28 16 33 40 28 27 12 37 44 28 33 51 41 38 42 17 57 50 36 43 31 40 18 10 51 44 18 36 49 36 47 47 17 30 30 11 34 59 45 40 42 21 12 20 37 46 27 11 56 28 
36 27 16 11 44 44 27 48 28 21 23 54 33 19 16 16 27 42 15 43 47 38 21 40 50 45 58 28 44 11 33 43 46 22 13 15 10 14 50 57 45 55 55 32 58 13 56 11 13 27 57 48 26 13 53 10 55 10 42 35 27 45 59 30 25 24 27 33 53 19 37 14 46 18 58 33 51 33 37 55 19 46 31 33 29 24 15 44 55 13 34 30 21 39 13 20 28 11 34 36 
49 31 24 22 32 12 40 31 20 45 11 31 21 43 15 47 32 15 17 33 24 21 14 12 47 40 57 32 38 11 24 35 10 17 49 22 35 17 53 39 16 35 53 14 25 30 19 29 44 10 11 39 20 11 48 56 37 18 41 59 47 17 13 32 19 25 19 15 49 14 12 43 55 52 53 31 14 30 24 44 46 35 10 31 38 17 41 45 19 16 49 55 13 19 16 52 43 41 32 58 
10 13 25 38 28 44 56 23 50 35 32 29 16 46 57 37 23 48 47 20 19 24 38 41 18 43 18 46 57 59 34 14 18 10 46 27 38 10 48 51 55 19 13 47 29 15 42 59 30 32 27 59 17 49 52 52 40 11 12 19 30 11 44 38 49 15 40 49 36 29 45 18 13 20 26 15 35 30 25 20 23 29 27 17 29 43 15 25 55 45 37 38 46 10 14 59 11 38 17 23 
12 47 36 33 35 44 14 13 31 45 54 21 32 31 43 57 11 10 46 24 45 49 24 56 13 50 37 31 50 35 31 55 38 58 29 29 31 11 10 36 40 31 15 52 28 12 14 28 31 52 42 23 24 27 54 52 54 40 57 29 46 16 17 42 16 22 51 50 34 23 44 13 15 36 41 41 46 47 28 59 53 55 13 46 32 47 44 13 18 59 20 38 25 52 48 39 20 15 52 25 
59 51 20 23 52 13 41 11 31 54 41 48 35 36 13 13 40 45 35 35 15 13 59 49 33 14 36 23 24 30 48 43 13 41 30 21 43 45 43 24 55 58 16 19 47 24 37 17 43 36 35 29 38 28 44 45 18 58 25 33 45 37 10 35 16 46 48 38 28 29 59 13 56 12 19 21 19 21 49 58 18 36 20 25 34 24 51 30 55 19 17 44 12 11 28 20 14 15 37 27 
33 28 20 57 28 34 48 26 46 56 33 43 33 11 38 21 33 41 35 51 29 33 46 57 48 24 30 59 53 26 49 50 38 42 16 55 29 42 26 47 31 25 43 52 23 23 58 38 26 18 28 46 53 50 35 45 37 29 13 55 17 11 50 56 12 12 17 48 47 36 25 51 39 22 16 25 10 52 15 41 48 39 28 58 53 38 59 25 59 46 25 32 24 48 14 38 40 35 48 33 
44 52 24 35 14 11 33 23 18 10 51 50 27 39 38 41 13 44 14 19 23 26 38 39 16 15 14 11 47 37 57 17 46 50 36 32 10 14 36 35 13 24 58 26 23 54 29 52 34 16 32 40 14 37 39 16 31 55 47 33 55 43 40 28 23 30 46 33 46 10 27 35 22 36 18 37 21 51 45 58 41 19 13 41 29 12 55 13 19 26 28 34 33 45 34 37 58 39 36 56 
49 37 42 25 17 55 30 26 36 28 28 32 22 13 46 33 26 49 50 47 43 53 22 18 57 15 58 52 12 53 16 20 57 52 50 30 14 54 45 27 45 49 11 39 42 27 40 35 27 13 36 17 40 28 54 47 18 28 40 13 20 52 44 59 23 46 15 50 10 25 21 11 15 13 28 51 44 55 21 38 48 50 53 39 29 22 13 40 33 18 38 55 16 44 51 42 26 19 27 38 
26 38 34 47 14 14 51 29 52 23 37 27 45 58 35 25 56 57 10 57 34 42 52 17 28 37 32 15 39 13 53 11 32 31 46 18 34 29 54 26 31 39 54 24 42 43 24 24 25 38 58 31 24 50 48 51 29 57 10 11 14 10 29 20 57 24 37 23 32 55 12 19 10 43 27 10 39 21 34 28 43 13 41 21 25 13 11 55 20 44 21 43 31 12 24 12 26 20 44 16 
55 48 41 58 45 58 14 55 44 12 28 36 19 55 47 22 34 29 52 50 44 53 40 43 49 20 47 22 55 18 56 20 15 51 23 35 55 22 55 40 15 46 39 34 30 46 13 27 42 16 29 32 43 54 13 16 39 15 59 41 44 20 29 38 53 23 45 32 51 23 33 33 17 26 40 22 26 37 19 29 19 36 38 18 35 52 54 28 12 47 24 21 52 25 59 27 18 51 30 55 
57 12 43 43 49 44 37 35 59 40 41 33 14 57 12 53 16 34 30 52 12 29 56 17 30 29 59 37 38 56 56 33 41 43 59 41 32 54 55 50 37 57 48 49 52 24 39 20 28 30 47 34 12 23 13 12 29 32 31 58 56 46 49 38 20 18 51 31 16 26 46 37 28 46 22 46 55 30 23 58 39 46 11 43 24 25 33 27 24 12 45 18 55 38 44 45 49 51 46 12 
34 46 38 18 16 41 38 46 37 55 23 16 49 45 50 38 28 29 10 25 53 29 42 21 15 34 41 24 51 59 20 58 40 16 36 46 44 33 38 37 45 42 35 35 46 58 41 22 12 27 54 57 30 30 16 46 26 20 32 19 36 54 57 15 56 54 46 59 19 49 14 54 17 15 57 41 38 33 21 20 41 46 34 52 36 37 11 45 11 43 38 28 35 52 59 34 12 26 44 56 
22 15 51 30 17 50 24 39 38 51 26 48 45 40 51 27 40 11 46 43 33 56 25 41 49 16 45 13 33 15 26 56 47 40 15 53 59 53 25 39 23 22 28 27 28 36 29 41 28 27 38 40 17 36 53 39 46 20 40 18 23 17 39 56 19 12 11 15 32 14 18 43 48 24 53 21 59 37 40 42 27 39 29 44 50 16 27 59 17 28 58 43 46 30 38 23 37 55 47 23 
22 53 13 24 45 17 12 51 33 49 33 53 28 37 43 50 30 58 49 16 20 14 59 19 13 14 25 53 31 57 49 17 40 57 58 51 58 25 40 47 42 40 36 53 31 25 44 33 19 40 44 46 54 20 29 20 29 49 44 45 57 38 50 14 27 12 21 28 12 58 40 26 53 48 55 31 17 57 45 37 54 39 56 56 45 20 21 27 24 27 23 39 34 50 14 39 54 37 21 19 
56 54 29 49 31 23 39 32 59 16 34 14 34 13 49 49 54 20 59 12 29 42 23 52 27 14 13 57 31 49 49 29 35 19 52 14 16 32 18 39 43 39 13 59 55 22 38 48 44 41 53 20 14 51 50 22 42 12 19 23 36 46 15 20 39 42 22 46 13 40 48 13 50 58 59 22 56 56 29 36 31 55 48 36 32 27 36 44 16 25 25 32 23 46 17 43 20 41 16 59 
35 13 12 22 39 56 48 44 20 21 26 53 54 30 27 53 58 44 26 41 46 56 44 41 36 44 18 59 26 20 21 42 42 48 44 19 28 49 45 42 27 39 38 28 16 20 12 40 36 57 43 39 42 15 42 57 23 19 40 17 11 29 41 57 36 41 29 39 51 31 18 55 50 48 15 31 30 57 39 38 13 34 55 39 59 34 39 50 17 51 21 58 49 22 34 25 20 36 43 19 
33 50 21 12 23 17 51 23 54 41 33 10 56 31 24 15 44 41 23 27 39 51 54 29 34 59 57 57 51 29 42 38 13 50 43 32 45 32 35 40 26 40 26 14 54 48 39 36 57 14 17 56 28 29 51 37 10 44 46 18 52 10 59 49 40 26 12 14 55 27 20 57 25 32 14 45 43 38 40 42 39 14 36 59 42 43 26 28 29 38 11 35 21 57 10 29 22 20 41 40 
25 34 18 59 30 50 33 42 37 31 51 12 37 31 44 50 13 17 16 55 42 21 27 40 56 11 45 12 51 23 14 37 16 55 53 15 25 20 36 30 29 26 52 17 29 41 59 33 38 59 40 44 24 55 32 56 13 58 37 57 11 44 15 54 41 18 26 44 29 21 50 28 38 56 56 20 56 33 35 37 22 57 26 49 46 34 17 45 57 57 45 46 28 21 35 30 16 21 53 32 
35 14 34 13 30 49 52 40 50 49 11 14 50 33 32 41 42 16 30 31 18 29 15 34 44 28 32 16 44 10 56 58 13 25 19 16 32 34 44 52 27 25 19 24 19 57 40 23 23 13 51 39 54 26 45 37 43 49 54 49 14 47 27 25 32 44 56 45 47 24 56 59 41 31 51 35 51 16 52 33 27 47 35 24 16 34 53 56 37 58 30 56 52 43 23 42 53 30 31 31 
57 28 50 17 11 36 28 34 32 10 35 51 54 58 36 41 34 38 27 20 50 22 14 27 37 54 28 59 32 38 20 26 27 53 57 25 51 26 33 24 27 40 32 16 36 36 12 29 53 53 56 33 37 58 42 35 17 42 56 22 20 40 13 30 58 11 44 38 51 19 10 58 27 55 37 56 44 36 56 42 54 31 37 52 59 18 57 32 29 45 12 41 46 23 57 58 20 23 15 35 
32 48 31 33 20 22 10 38 30 42 54 28 23 51 32 11 27 33 37 45 40 21 51 58 34 39 38 23 39 13 12 55 43 43 30 51 19 52 20 56 40 59 52 10 49 13 27 49 25 35 45 20 14 41 51 52 52 26 37 57 42 17 43 57 56 20 19 40 17 43 19 46 15 38 57 16 55 43 56 34 54 20 51 30 58 42 56 27 49 32 13 50 28 41 58 10 46 23 34 35 
36 24 29 12 10 46 24 33 40 55 26 51 38 52 39 24 54 44 33 44 16 59 25 53 44 21 36 40 26 50 49 30 58 54 59 36 35 14 51 56 28 43 16 31 17 41 36 20 53 34 18 37 40 37 33 22 31 41 50 44 22 28 38 20 44 29 55 41 52 26 14 34 11 31 20 43 23 16 32 13 42 44 31 18 18 33 35 18 59 19 20 47 41 16 15 48 49 22 15 57 
32 27 15 42 38 13 20 48 49 35 42 55 27 58 15 16 10 25 53 45 22 39 26 30 32 40 58 43 40 59 24 35 39 48 56 32 52 14 22 46 51 23 34 23 53 26 50 42 52 26 55 33 33 48 59 29 39 59 38 10 46 46 21 53 15 33 27 57 12 54 11 12 29 55 58 49 49 10 14 56 11 31 35 31 27 28 55 26 18 29 56 45 21 24 14 30 50 45 38 31 
16 40 31 44 14 53 39 56 33 10 26 50 32 32 33 32 18 58 12 21 56 38 24 31 19 11 13 24 25 58 35 44 12 45 10 18 25 57 51 11 37 20 42 17 51 57 49 52 35 51 23 56 28 10 32 30 51 44 16 19 21 32 32 55 24 19 31 27 16 53 40 49 23 19 33 11 53 30 17 15 47 51 42 50 27 47 45 25 58 29 23 34 56 24 33 17 34 50 59 28 
50 13 55 17 26 17 47 25 33 57 58 34 20 36 50 29 38 51 31 58 10 49 39 19 50 24 59 56 10 39 18 12 18 20 16 53 32 39 44 26 13 13 11 49 35 47 11 54 23 43 44 58 38 36 19 11 15 21 33 38 23 35 48 52 20 43 25 14 51 44 25 55 45 52 35 37 27 59 23 50 24 55 37 34 31 42 59 22 24 53 21 22 46 38 26 56 22 50 41 37 
22 40 28 13 58 59 10 51 14 30 11 12 28 36 56 46 11 31 53 53 45 41 49 53 42 29 34 38 49 38 43 45 46 33 25 36 10 40 38 34 11 31 29 45 14 53 47 31 43 51 36 32 58 35 22 57 53 56 38 58 22 55 27 36 35 10 25 39 51 30 34 37 36 18 55 24 28 52 41 33 18 31 26 25 20 39 26 43 18 15 10 29 54 49 29 52 29 42 42 42 
29 29 42 52 12 27 36 20 21 47 58 21 42 16 29 56 20 35 19 49 33 32 19 41 40 50 53 55 47 19 24 56 37 37 16 58 48 46 56 57 26 16 35 19 14 34 38 55 34 23 45 53 13 21 28 22 48 34 53 47 53 22 24 49 27 19 21 31 22 25 15 34 53 55 34 28 45 12 15 47 58 18 15 21 59 22 51 58 30 32 26 59 19 53 45 14 14 41 38 14 
51 16 22 41 25 39 31 21 39 58 24 59 29 49 14 27 23 13 18 10 47 32 49 41 35 48 49 18 23 14 19 31 17 52 18 59 56 26 59 43 46 14 52 29 27 16 12 24 32 17 15 44 20 11 24 20 44 19 28 34 11 35 35 39 27 15 17 44 27 10 50 33 13 52 18 16 46 26 33 48 42 56 34 21 33 28 35 44 27 16 15 41 40 16 43 43 36 34 49 56 
25 13 12 21 45 46 33 56 24 27 51 48 56 53 46 37 47 53 41 55 32 51 44 47 56 32 38 16 43 58 18 15 18 57 48 24 27 50 38 41 44 27 11 27 17 47 16 17 37 28 32 50 29 39 37 13 15 44 18 43 22 31 44 14 51 14 57 52 55 17 50 35 35 34 32 13 51 22 24 24 19 37 38 52 42 22 50 23 15 43 48 46 29 49 19 35 51 38 16 22 
54 17 52 12 49 56 14 42 59 32 38 45 40 54 56 21 12 11 26 57 52 52 18 56 31 20 39 38 32 15 10 10 57 17 47 37 59 52 29 24 22 12 31 41 25 28 57 43 51 51 31 12 31 11 32 12 21 40 17 39 10 13 58 11 48 36 42 46 54 42 35 41 14 27 58 47 26 44 12 47 57 46 15 17 39 25 19 57 22 46 22 39 43 51 19 50 32 38 49 18 
12 13 12 18 38 29 34 40 40 36 11 17 53 24 29 18 37 32 57 46 50 32 55 57 50 41 16 21 47 25 46 38 16 20 39 53 59 47 19 54 42 53 32 10 20 39 14 53 49 34 46 38 36 50 44 24 13 52 46 13 42 40 49 32 30 15 51 17 53 45 31 44 52 59 41 59 22 47 30 55 44 33 21 50 33 25 29 39 22 31 27 50 59 14 11 36 45 50 18 56 
24 21 24 42 52 36 54 19 15 53 21 42 18 31 24 57 45 43 41 50 34 22 59 21 37 11 39 54 30 41 50 42 37 35 54 22 19 12 59 53 52 56 22 43 16 26 43 24 18 58 15 33 29 41 32 48 23 22 41 36 49 22 38 48 37 31 33 25 40 47 30 32 31 14 51 42 53 34 27 57 27 20 20 23 36 47 21 48 29 27 13 37 11 55 48 45 45 51 21 42 
48 56 57 35 22 40 14 33 47 21 38 35 23 12 59 58 40 31 53 10 42 32 53 18 52 24 10 41 25 39 51 13 35 43 26 14 31 36 50 31 39 31 13 45 55 54 29 19 11 55 12 49 33 13 46 37 25 24 47 16 28 19 10 24 27 37 16 26 39 34 57 43 51 13 24 32 29 42 57 11 42 10 14 20 59 26 13 15 17 33 13 29 37 14 54 34 38 27 46 22 
39 32 49 51 32 41 43 31 51 25 58 45 40 52 15 50 46 43 31 58 54 29 19 44 58 28 23 41 14 53 41 43 31 26 59 57 59 47 49 17 21 15 51 24 54 37 20 42 26 52 25 56 49 54 43 12 50 17 48 18 13 55 43 52 51 47 43 26 54 51 38 23 11 26 24 58 46 53 27 22 14 25 10 25 33 18 35 46 37 49 25 12 17 51 11 38 25 21 40 44 
34 49 13 23 11 16 21 14 26 20 30 57 51 47 21 19 43 45 12 49 58 12 24 26 58 31 33 30 55 25 12 36 26 30 26 46 55 49 34 32 27 26 12 22 21 52 27 41 29 41 48 46 56 38 48 55 58 28 39 16 12 38 55 55 20 15 51 14 53 48 10 29 46 38 13 14 55 57 51 39 21 13 17 38 39 47 23 18 38 26 20 35 53 30 38 56 19 28 15 24 
43 38 37 43 26 38 36 56 28 13 39 12 26 29 14 48 29 36 41 58 11 44 16 41 36 13 45 40 31 40 30 28 10 27 33 19 33 29 26 43 44 35 53 43 11 46 36 58 41 37 35 25 36 46 39 59 11 57 34 10 53 19 12 51 33 54 39 12 35 24 46 46 50 18 25 10 24 31 52 23 49 30 53 58 31 15 19 37 25 52 46 33 16 51 30 12 17 57 14 34 
24 37 10 27 41 44 24 47 22 20 32 37 57 29 16 24 48 13 25 46 15 19 45 29 18 36 42 35 14 40 40 17 52 50 38 35 19 58 41 42 40 45 16 24 15 28 32 42 44 52 42 37 19 10 47 39 34 42 38 35 54 55 33 38 19 24 38 31 51 35 18 11 44 25 50 41 34 55 43 59 40 31 30 26 50 42 37 18 17 33 47 34 28 38 46 13 53 34 15 44 
30 55 49 11 59 21 12 57 50 18 28 28 21 56 13 10 15 37 36 23 15 23 19 30 39 41 51 15 56 44 14 51 46 43 52 19 38 33 19 46 32 27 53 26 46 54 23 57 51 58 38 21 56 45 53 40 52 11 58 41 46 11 36 47 31 55 24 41 47 40 59 58 57 22 22 54 55 51 59 42 38 39 53 35 42 43 55 28 22 48 47 12 36 11 13 53 32 31 24 18 
28 54 20 50 14 28 22 38 28 56 23 17 34 44 46 48 39 11 17 12 23 17 31 41 13 48 34 48 54 46 27 36 54 51 12 34 21 15 30 57 48 21 39 53 30 54 51 14 57 25 48 16 35 13 13 47 46 30 41 19 32 52 56 37 40 25 30 31 42 55 24 53 54 56 16 33 21 13 58 44 38 47 14 41 17 16 33 23 13 11 58 40 44 20 46 53 15 52 58 38 
49 50 52 56 44 45 47 27 18 34 55 40 26 49 31 59 26 54 47 18 54 45 52 30 50 18 30 22 50 22 12 20 44 22 50 53 19 26 18 31 43 27 53 32 39 57 18 35 26 35 17 42 40 18 39 12 18 35 11 45 29 25 51 40 25 19 20 55 49 52 11 34 46 51 18 17 29 26 18 25 45 37 42 26 48 48 21 17 28 33 14 40 48 33 46 11 34 59 55 16 
39 41 15 26 21 14 14 56 48 11 23 22 40 19 21 25 54 54 58 52 38 16 47 36 48 37 11 44 21 59 48 25 36 56 40 42 56 58 28 45 10 16 29 13 45 35 26 18 29 16 55 28 36 28 42 36 30 35 10 19 54 17 15 34 14 17 28 57 21 38 33 58 20 28 36 57 34 58 13 26 18 35 27 50 18 37 15 30 22 51 10 57 40 11 20 50 10 37 29 54 
44 43 25 42 33 49 30 57 53 12 44 26 16 58 24 46 12 20 33 40 51 33 17 54 34 39 37 55 25 12 42 38 29 27 12 51 10 45 32 34 33 16 15 55 59 29 14 49 40 56 53 52 18 33 19 32 35 47 51 52 48 24 54 22 16 25 29 10 43 18 19 57 39 56 59 53 45 14 36 17 14 25 19 16 55 49 12 15 53 43 59 22 53 16 23 27 30 25 44 57 
54 49 35 46 43 34 45 35 53 22 32 52 32 34 41 37 53 15 59 39 44 55 55 34 54 14 43 32 34 26 13 50 56 34 14 30 18 51 29 43 36 45 30 25 13 25 53 44 17 44 25 29 57 41 25 31 46 29 26 21 59 46 43 54 58 22 21 32 41 39 55 57 29 10 29 33 10 24 54 27 11 14 32 50 53 25 17 49 52 53 55 19 23 17 32 30 14 57 14 11 
22 49 18 32 58 43 13 32 33 55 51 57 11 21 52 43 22 48 56 45 54 11 34 26 50 35 58 20 59 20 33 52 32 26 18 29 30 49 20 50 39 22 35 40 42 42 11 54 15 14 18 49 15 39 35 36 11 15 58 16 34 35 21 30 35 18 21 52 29 34 23 54 11 13 49 16 49 21 38 20 45 29 13 23 58 13 51 59 21 37 34 29 29 12 42 14 42 53 16 25 
52 36 52 24 47 33 58 19 13 18 32 54 36 11 56 24 51 51 59 17 25 11 29 45 11 43 50 42 22 43 47 17 20 43 19 23 20 50 47 53 39 37 45 55 55 30 48 45 39 25 11 25 25 32 19 57 57 34 44 11 27 48 23 36 53 58 57 12 50 15 35 17 59 21 33 20 17 36 31 41 49 36 55 16 55 58 50 18 57 10 33 25 34 26 26 29 16 13 19 20 
50 31 13 31 53 40 20 28 30 49 23 21 13 36 32 53 29 31 41 15 46 57 44 50 14 37 40 34 47 29 15 38 27 28 23 58 46 51 51 24 13 16 23 39 48 40 50 36 15 59 44 17 37 29 22 17 35 36 36 35 19 37 51 43 21 56 31 31 55 22 42 36 15 19 27 31 44 48 35 38 49 30 49 45 52 47 18 23 25 31 36 48 43 19 58 24 11 46 51 10 
24 56 59 37 28 38 51 52 40 43 21 44 29 34 15 30 11 45 51 34 59 42 54 17 15 38 34 57 24 59 52 15 32 38 57 58 54 18 17 36 49 19 55 57 25 41 56 24 11 27 58 24 20 23 33 13 54 43 17 27 48 25 57 33 46 18 58 48 46 55 12 52 15 24 26 42 57 56 52 40 27 55 50 24 39 44 25 59 57 13 27 26 14 23 26 15 46 14 41 54 
29 45 49 15 41 53 58 36 38 11 24 29 30 30 23 42 23 55 16 57 20 55 41 54 50 27 21 47 43 55 38 59 58 12 39 43 11 16 11 34 43 26 43 48 14 16 23 23 40 26 11 44 16 33 35 16 31 13 24 11 40 21 45 40 50 31 31 28 36 54 49 54 41 33 35 50 44 27 36 37 40 39 37 52 24 54 43 11 36 55 18 58 17 27 33 10 15 28 46 25 
37 11 53 55 12 16 10 22 37 42 33 30 30 11 40 37 40 26 47 25 45 29 26 50 52 51 44 26 45 24 39 56 49 28 28 54 50 21 52 15 27 55 23 17 29 36 18 58 22 57 21 20 31 55 41 20 50 54 33 54 39 43 35 22 48 25 47 40 42 28 43 15 57 10 32 11 39 13 57 20 19 51 54 33 47 37 36 29 44 44 34 11 26 20 27 26 44 44 15 46 
19 19 37 51 15 33 26 26 33 53 27 31 44 48 57 56 53 31 46 40 45 15 27 44 14 28 17 16 53 55 33 59 10 52 28 25 20 32 53 34 18 52 39 42 38 16 43 22 59 56 54 12 42 57 13 22 22 36 55 32 37 10 12 42 15 24 22 49 14 29 18 36 58 36 18 45 52 27 14 57 15 44 13 57 51 11 32 54 13 25 28 32 56 30 57 31 56 41 21 38 
56 50 29 34 50 48 48 38 32 31 40 41 19 32 48 30 36 15 42 39 29 49 28 52 43 47 21 35 41 47 21 53 29 14 44 57 31 44 11 40 36 47 58 14 47 19 17 41 52 56 54 20 55 39 49 19 31 28 28 56 26 48 27 39 29 27 10 42 17 49 44 19 53 23 16 38 51 18 34 46 36 39 17 27 23 11 22 17 45 25 42 36 13 34 12 23 47 41 58 48 
39 53 57 59 28 24 54 50 13 44 51 50 48 48 47 31 44 42 28 51 19 33 26 22 48 44 36 31 34 58 12 42 35 27 58 56 55 15 59 27 25 27 49 40 33 21 50 29 19 32 25 35 21 16 14 55 17 47 43 17 23 12 56 50 26 59 28 59 37 27 49 55 44 14 21 37 24 20 50 22 50 40 16 11 10 38 58 30 10 49 50 45 52 19 35 53 55 17 16 44 
23 51 45 39 17 28 25 26 53 33 39 41 28 28 46 38 23 10 35 36 38 33 11 14 43 45 43 39 48 53 27 28 57 53 57 17 21 33 57 59 47 55 30 17 28 57 10 21 43 26 53 17 10 35 28 51 45 38 46 39 24 17 46 35 10 24 45 41 12 20 15 34 57 17 10 43 28 33 26 36 49 43 10 57 11 53 44 21 31 29 46 39 31 12 38 28 49 23 26 44 
57 47 16 54 15 49 11 52 28 13 59 51 43 39 21 52 55 37 39 17 41 46 12 34 10 50 44 44 18 58 16 13 34 52 17 29 34 46 27 49 32 23 37 57 11 21 39 13 52 35 59 49 24 48 55 27 32 30 33 12 23 52 21 26 18 44 59 44 14 36 30 48 56 16 14 20 16 11 38 34 23 43 23 59 57 16 49 57 30 49 20 53 33 29 14 20 56 59 35 58 
26 11 35 54 16 48 53 13 45 49 10 45 15 41 51 40 44 24 12 43 26 17 47 41 59 59 56 35 32 16 10 18 11 13 24 44 18 55 54 33 16 22 33 36 23 58 50 14 52 46 58 23 46 32 54 29 26 30 11 59 33 53 19 49 27 34 15 53 44 39 51 15 46 31 39 34 17 36 50 38 44 57 26 30 37 51 19 21 32 45 47 13 47 39 31 33 23 30 46 10 
12 18 47 40 21 48 31 41 31 50 11 15 42 46 22 33 44 51 21 34 46 54 32 30 55 38 19 37 29 40 43 45 30 27 18 59 30 24 46 52 11 45 52 18 13 51 38 45 56 56 16 42 39 42 24 47 46 20 11 23 34 18 51 51 46 46 42 15 18 57 10 53 25 43 43 30 38 43 23 37 23 25 36 40 49 26 30 45 42 13 37 31 23 35 51 56 30 24 30 40 
29 12 17 49 45 50 56 22 39 26 56 16 24 12 58 47 55 20 17 28 40 33 47 32 44 44 44 53 23 43 52 59 48 57 46 57 15 39 18 11 36 50 27 51 32 55 41 24 35 38 47 22 35 59 24 47 36 45 34 18 28 48 43 53 42 21 51 48 41 45 25 13 26 33 40 15 49 26 49 24 58 44 26 46 29 36 27 13 20 38 11 22 46 33 29 59 52 49 18 37 
25 40 25 59 34 43 21 25 19 27 48 39 25 16 56 24 38 10 48 31 58 24 36 58 17 44 16 42 32 37 54 11 48 59 53 32 13 44 13 21 37 26 41 50 10 32 14 57 57 40 31 23 29 50 23 45 49 40 19 19 34 44 19 47 35 36 16 25 12 51 51 12 20 25 36 16 53 52 11 50 26 16 58 31 50 30 22 24 43 11 54 35 33 32 58 49 37 21 40 37 
21 44 34 55 33 56 39 48 53 19 29 34 25 16 16 14 55 11 18 45 58 16 57 41 36 24 41 40 52 30 17 27 46 34 51 43 16 17 16 53 24 23 36 48 52 44 24 12 37 55 53 45 50 11 15 12 59 44 34 55 38 27 49 24 20 18 12 45 41 59 12 58 18 22 54 18 12 56 25 44 16 20 50 22 22 19 23 30 31 15 46 51 36 42 50 50 36 54 41 52 
56 24 30 50 21 20 22 15 39 42 28 35 43 36 25 49 17 44 23 34 59 28 17 57 41 22 24 16 32 36 36 31 53 28 28 22 46 57 18 31 14 37 50 34 11 43 40 18 29 56 17 55 59 18 27 14 32 27 33 10 27 22 33 40 56 13 44 23 16 19 56 33 44 11 24 32 44 49 50 16 41 23 37 12 14 38 41 49 45 50 33 26 46 52 51 24 29 41 58 13 
49 10 53 29 48 31 53 59 25 44 59 52 34 15 21 52 45 26 45 15 48 54 40 11 31 49 13 39 16 19 33 55 43 30 46 50 38 16 44 34 32 51 25 44 32 47 44 42 22 31 43 41 35 43 54 44 32 51 12 30 57 56 22 40 38 48 57 53 58 48 23 53 24 22 59 47 56 19 17 59 10 21 10 43 44 27 26 52 12 45 30 51 35 44 43 29 38 12 30 50 
28 25 22 36 34 30 11 59 53 28 38 19 15 27 24 28 45 28 15 30 13 53 13 25 31 52 56 25 41 38 45 26 26 12 57 24 26 44 13 21 31 40 39 45 10 15 48 29 15 34 13 54 33 40 50 41 48 38 19 41 55 56 50 59 16 36 45 54 41 12 54 43 30 16 40 20 42 48 52 19 11 50 32 28 40 44 28 53 22 22 14 28 34 46 13 20 51 29 43 11 
