51 27 44 10 29 34 38 18 22 24 15 55 41 37 21 51 55 52 37 46 51 14 12 13 52 42 31 26 28 55 57 36 31 48 29 22 27 59 45 54 13 21 32 43 33 24 51 21 13 28 57 54 22 17 47 19 33 51 39 38 26 45 50 52 48 16 50 52 24 58 56 15 50 39 30 10 16 11 53 58 39 33 44 14 16 50 26 36 41 18 54 49 36 33 47 48 28 42 39 51 
43 25 49 18 14 40 37 16 33 46 31 55 34 32 30 39 37 33 57 22 46 50 21 46 15 27 15 34 41 12 10 10 51 34 26 40 17 51 17 47 17 47 13 43 55 19 19 18 31 48 32 56 16 40 23 28 10 51 22 15 20 19 34 47 58 43 55 51 12 10 51 46 34 30 56 31 58 59 28 44 41 44 13 59 28 48 10 48 37 27 38 53 58 43 17 31 20 27 23 24 
19 26 45 11 10 59 29 16 58 13 34 18 54 19 49 12 55 45 53 53 33 47 24 13 58 10 18 28 40 56 58 41 49 58 19 17 32 32 48 52 48 39 50 17 18 51 25 48 16 21 12 44 32 15 38 56 22 46 35 43 29 52 54 26 41 58 32 11 31 59 17 36 52 49 35 22 10 20 13 29 21 48 11 49 15 33 12 45 42 45 48 36 27 17 42 42 29 14 31 49 
36 39 28 52 35 15 44 59 51 22 55 20 28 13 49 33 39 56 47 39 59 47 26 59 53 55 57 26 46 15 48 42 15 44 24 11 26 31 46 23 23 15 45 13 22 18 42 55 23 16 31 18 56 42 41 54 56 32 39 21 45 10 33 26 54 19 52 49 13 34 14 20 55 59 46 23 34 32 28 28 47 15 18 51 12 35 37 24 24 34 44 34 32 19 43 30 47 57 28 37 
33 30 23 28 52 45 12 40 23 37 12 59 37 35 53 34 33 32 21 41 13 42 15 53 35 41 52 52 32 46 24 10 47 20 23 34 30 30 45 43 21 20 56 27 45 10 50 54 55 34 29 35 36 54 18 12 31 26 38 53 11 44 28 24 29 12 10 47 20 36 20 17 30 25 36 37 53 18 24 19 42 46 25 47 37 34 35 37 39 38 33 30 12 22 33 56 47 21 55 35 
24 20 12 26 40 36 21 31 21 57 13 30 50 34 48 23 50 11 22 39 10 23 18 38 25 17 37 10 18 49 13 20 17 34 37 18 23 47 11 10 20 38 53 44 15 50 21 14 45 16 32 10 33 45 16 26 36 17 36 17 47 31 29 21 56 32 27 22 27 56 45 51 33 39 39 25 19 42 56 15 13 22 44 44 14 32 17 29 42 23 17 43 21 45 27 58 35 48 33 52 
14 21 51 35 19 35 31 30 36 44 15 43 10 58 39 11 53 44 47 44 16 53 36 15 22 58 41 10 23 51 15 15 52 22 21 37 34 38 12 53 56 33 50 23 35 32 28 20 27 42 22 55 29 41 50 48 45 50 57 49 50 55 13 24 11 50 54 18 45 19 52 15 24 41 13 39 35 18 52 57 59 16 21 37 27 51 39 50 23 34 11 37 25 43 23 52 34 11 52 19 
30 38 37 44 35 46 58 30 47 57 14 13 31 23 16 23 20 31 49 50 24 52 29 23 51 14 28 42 10 15 35 49 13 32 58 57 44 58 31 24 23 35 55 22 56 38 29 22 29 45 49 54 25 50 55 18 28 30 11 33 42 32 12 47 30 23 11 13 33 37 10 29 25 25 38 53 57 48 53 47 19 23 59 41 48 52 18 20 31 18 14 48 56 50 59 53 40 30 58 27 
46 43 45 36 45 48 13 39 34 58 33 19 17 26 54 15 28 36 21 35 15 11 59 56 44 25 24 52 35 23 52 56 58 32 36 16 33 39 14 15 36 22 35 53 25 46 46 51 24 54 16 12 46 48 42 15 25 41 40 51 35 21 47 46 50 10 22 44 53 13 26 12 18 22 43 14 13 44 13 16 58 34 27 23 19 38 10 40 28 18 10 15 21 24 13 36 53 19 12 21 
49 58 42 13 34 30 12 33 41 29 38 19 18 29 31 13 55 41 14 52 45 23 58 49 32 48 47 20 21 44 18 21 19 53 25 29 47 29 18 10 31 24 27 25 15 25 40 49 22 48 42 14 45 20 44 34 40 25 11 51 25 39 20 58 33 48 37 42 16 49 23 18 51 50 33 23 38 44 38 10 31 45 34 31 43 27 13 55 28 35 36 39 10 58 19 53 46 40 26 59 
27 38 39 24 31 15 36 26 26 36 26 47 41 24 50 46 31 22 31 24 19 25 12 33 34 51 55 22 33 41 16 28 28 12 17 17 41 22 46 40 24 19 44 16 50 53 56 12 14 55 18 58 51 22 41 24 49 18 32 14 55 12 29 39 48 33 28 26 19 58 46 56 22 43 18 32 56 52 47 35 57 18 12 17 58 40 52 10 38 59 12 58 42 50 25 35 22 27 46 57 
28 57 38 11 26 40 59 35 18 39 30 50 20 57 22 15 35 52 21 14 58 56 24 56 48 29 48 23 35 25 31 35 25 38 44 30 15 24 17 22 21 34 59 29 40 33 10 43 35 20 47 46 47 38 53 46 24 24 51 59 45 15 47 14 47 33 24 30 18 28 41 45 12 33 12 54 36 36 56 32 59 50 34 29 53 21 51 49 29 25 15 45 26 10 25 19 24 26 53 34 
19 10 55 33 49 21 32 28 18 41 28 36 20 32 34 39 20 12 42 51 55 24 34 24 12 15 20 34 32 31 32 57 37 49 15 55 54 10 53 14 41 22 32 49 38 22 22 27 18 25 18 33 19 44 14 46 29 18 55 16 26 10 27 52 47 42 16 34 57 31 43 32 41 36 43 58 33 42 28 36 30 21 42 16 50 35 34 46 37 29 53 44 37 28 28 51 56 43 38 37 
36 31 57 22 13 37 18 55 18 45 48 47 53 23 11 10 38 21 10 59 52 14 29 41 25 27 23 53 44 32 32 40 11 52 37 37 30 12 24 41 50 33 47 33 39 55 29 37 52 20 42 18 36 47 30 38 11 18 23 20 43 46 52 20 32 38 44 51 28 13 27 25 48 41 17 10 24 58 18 21 23 16 17 38 49 45 25 35 46 46 43 20 40 58 38 52 43 50 26 45 
20 59 47 52 42 38 12 29 54 54 18 12 57 42 45 18 24 57 53 59 25 51 49 10 22 58 33 11 34 43 51 10 14 50 57 29 40 38 41 54 50 47 59 35 43 48 52 53 12 21 20 44 50 57 45 39 50 15 51 52 20 59 38 39 31 37 33 53 30 57 36 36 50 42 38 19 28 49 19 59 34 32 40 18 27 18 37 13 30 17 56 34 32 21 29 21 16 50 23 43 
26 42 12 51 14 23 22 56 20 25 14 59 46 40 58 42 47 44 50 27 16 30 51 42 59 33 18 15 31 55 56 26 38 38 39 18 37 10 17 39 41 55 38 36 13 59 44 25 53 18 32 53 39 24 28 15 51 33 32 58 11 46 54 56 37 27 39 26 34 51 29 22 56 53 51 25 59 17 50 12 46 11 47 36 22 15 43 54 40 57 25 25 23 21 38 38 38 50 21 57 
55 30 35 49 10 59 43 25 24 42 17 42 56 27 32 42 20 51 41 47 15 39 31 48 11 57 18 56 36 19 49 32 26 46 15 38 24 20 13 37 58 13 21 41 42 15 57 16 12 31 56 41 31 15 57 34 28 45 36 34 19 58 34 13 32 45 53 48 13 42 57 40 36 38 10 11 21 59 15 23 26 33 21 55 33 34 10 13 41 47 59 20 53 25 32 39 41 22 36 41 
57 50 31 15 32 42 49 30 25 41 18 53 16 38 58 16 31 26 56 57 30 54 39 48 19 44 29 38 27 25 36 44 28 16 38 57 28 50 59 45 46 59 30 20 31 23 25 45 28 40 41 27 47 54 46 17 20 37 34 41 12 31 28 53 45 47 21 14 37 16 28 32 23 10 52 47 48 48 15 49 57 41 53 44 47 21 53 27 11 42 57 25 13 14 44 55 35 31 24 41 
32 16 16 53 53 40 40 28 21 23 28 11 26 39 28 50 41 43 39 23 19 13 46 55 25 34 30 45 40 36 15 35 31 18 19 16 12 42 15 50 35 22 45 22 40 46 57 12 18 40 50 36 18 53 50 56 34 33 57 40 45 32 10 17 15 26 51 48 41 28 25 56 35 19 22 46 15 22 53 52 31 32 22 58 28 28 27 24 10 50 45 19 29 55 13 50 39 59 15 51 
21 41 12 13 43 39 47 52 13 43 30 24 28 54 23 39 12 24 29 30 15 57 54 47 36 36 33 50 39 50 48 20 31 55 31 30 43 49 15 38 39 16 22 45 47 56 43 48 45 39 53 50 22 25 11 15 17 27 29 44 31 17 58 55 57 28 48 54 32 23 38 24 11 33 50 14 11 37 57 52 31 23 11 23 31 25 31 55 20 55 51 32 22 11 25 15 53 48 39 42 
18 14 32 17 55 48 54 50 49 14 14 33 35 38 34 41 40 43 33 54 40 56 47 55 15 26 10 49 48 23 45 57 19 40 34 18 47 34 30 32 53 15 44 21 16 16 44 35 42 29 51 42 44 39 39 43 27 46 35 28 47 38 29 37 47 51 16 55 20 11 53 42 46 40 35 17 44 34 29 50 36 51 11 39 50 34 32 51 49 47 50 49 53 13 23 41 13 15 36 39 
55 49 28 58 43 49 25 31 53 36 32 48 38 41 59 38 51 33 53 44 53 59 12 17 12 51 47 56 51 47 23 10 26 50 22 45 36 20 37 42 20 49 15 34 23 32 55 26 20 48 48 21 55 27 35 27 49 52 23 57 12 27 59 33 36 13 58 11 30 46 18 27 16 15 41 22 29 35 16 41 55 54 51 13 48 25 10 29 32 51 43 43 35 52 29 10 14 38 45 17 
43 53 50 13 10 43 32 31 21 50 48 51 18 57 12 18 39 12 43 50 12 28 32 55 45 18 21 52 54 59 48 38 52 17 51 57 29 55 40 23 24 20 21 45 33 14 22 13 12 29 14 39 12 34 59 40 54 54 59 28 25 23 12 33 30 41 57 21 29 58 58 13 12 39 13 53 32 48 23 44 10 32 50 21 52 11 40 37 26 36 38 30 25 58 58 39 45 17 43 22 
12 22 30 30 32 33 51 46 48 27 27 52 58 27 59 25 49 42 29 41 13 40 38 41 49 12 40 32 24 17 55 38 41 50 20 37 31 46 19 53 50 43 47 53 40 34 53 42 13 21 50 22 17 57 11 33 50 27 50 13 26 43 21 19 55 46 11 25 11 50 19 57 43 10 18 31 35 41 47 31 47 59 14 39 48 10 40 21 28 15 50 38 19 32 58 20 58 45 41 24 
27 53 56 21 56 48 30 48 36 15 27 31 20 12 18 43 15 25 36 11 44 19 53 58 33 52 53 43 47 13 50 21 54 28 37 58 49 58 39 57 59 41 29 35 58 59 46 59 33 53 41 14 21 44 45 27 26 53 14 26 13 18 33 44 52 27 58 29 40 21 24 50 37 53 14 59 34 55 16 18 49 18 19 49 57 50 28 24 35 36 49 13 26 22 50 30 36 55 51 46 
11 19 47 43 45 50 10 46 15 41 38 12 37 22 34 25 32 42 45 38 56 49 38 43 35 25 20 55 38 31 15 30 37 33 44 11 35 46 44 11 47 20 34 50 16 31 40 45 55 42 35 28 33 22 47 58 15 22 27 52 49 57 56 13 41 25 49 18 39 55 54 59 55 32 35 22 32 33 40 48 57 52 18 13 37 35 44 11 38 42 29 46 38 49 48 31 36 23 37 35 
34 41 10 21 22 12 58 55 44 26 47 17 53 44 54 19 31 18 53 28 37 29 17 51 51 24 33 25 32 39 51 25 25 46 17 19 10 12 53 51 39 58 37 58 34 34 34 43 45 48 30 22 39 44 19 38 33 45 10 34 53 15 22 25 27 17 37 44 14 50 44 51 31 45 44 50 52 58 46 28 31 34 57 36 14 29 18 37 53 28 26 12 48 10 29 28 50 44 49 16 
18 42 38 24 47 49 34 30 37 14 48 51 58 52 12 31 14 56 16 19 43 18 21 43 46 14 45 52 52 20 21 30 53 38 47 23 23 51 44 25 16 21 22 21 19 11 48 30 34 17 17 44 11 11 49 18 51 50 23 22 15 20 53 32 12 36 53 33 26 11 35 38 42 21 29 13 39 17 52 11 13 52 30 29 32 17 54 15 50 43 22 19 17 48 20 31 31 14 57 24 
33 39 49 26 47 16 42 30 49 26 32 43 20 13 15 51 19 46 47 39 52 27 55 16 48 12 14 26 43 20 29 41 48 27 36 58 24 30 13 17 29 26 32 52 17 23 20 57 53 40 27 53 36 24 36 27 44 30 31 52 24 14 26 53 24 35 10 22 10 11 36 39 53 37 49 21 45 32 44 54 21 23 14 56 48 18 17 40 33 24 34 56 47 41 28 21 52 51 42 33 
21 51 21 40 58 29 51 10 39 27 27 24 55 51 46 27 38 13 19 33 41 13 29 26 43 27 45 12 40 17 41 27 20 26 47 31 37 55 24 48 31 57 25 52 21 17 15 13 31 40 50 40 35 30 50 37 58 46 14 49 41 54 48 20 28 29 19 37 19 29 39 26 10 56 13 18 40 53 16 59 14 32 20 54 14 43 56 39 31 38 19 51 31 48 26 43 45 30 39 21 
20 18 42 22 16 38 39 57 47 48 29 43 50 55 26 43 19 17 27 44 13 45 18 53 53 53 26 11 50 54 47 34 22 57 11 55 27 52 52 47 40 23 56 20 49 38 19 46 54 50 42 29 30 53 52 22 24 37 17 54 15 23 21 23 53 24 13 55 22 41 56 19 58 28 34 21 14 45 37 43 50 22 37 37 27 50 52 10 10 18 36 14 45 40 41 55 47 33 32 37 
39 21 21 14 40 13 53 31 45 38 53 10 15 31 30 12 35 41 50 44 50 46 44 58 49 25 56 22 22 12 41 47 24 17 58 16 30 10 42 11 53 59 42 54 41 35 14 10 36 26 48 11 33 53 51 40 55 28 19 23 38 39 48 14 23 39 29 26 39 37 47 12 25 52 33 32 58 33 13 58 55 57 18 18 21 53 25 41 12 20 38 16 15 25 33 29 25 13 15 44 
38 55 50 43 45 10 28 54 43 45 58 41 42 16 20 32 42 11 16 45 20 31 37 47 53 28 43 55 31 13 52 21 39 44 22 53 40 21 44 18 36 16 51 53 48 37 29 44 34 53 45 34 54 42 27 37 15 56 46 49 50 47 10 19 38 16 37 13 52 10 21 35 53 55 26 25 14 16 28 51 45 58 35 23 33 22 28 17 56 49 46 54 56 53 32 21 40 15 18 57 
30 50 33 37 23 14 56 32 10 51 51 56 35 23 34 39 55 13 54 53 27 47 50 39 51 35 44 20 10 17 31 52 53 27 27 13 53 53 49 21 35 38 38 58 10 52 54 14 33 13 46 57 56 36 21 14 48 31 46 15 59 16 38 27 11 29 51 26 27 56 53 47 31 22 27 59 54 57 11 38 52 14 28 28 51 56 22 30 54 28 35 29 44 34 44 19 59 24 55 13 
42 11 47 24 23 11 29 50 27 43 28 44 12 46 29 58 47 57 34 28 37 58 53 42 31 29 53 37 24 14 44 53 55 21 53 52 58 50 59 50 53 34 59 34 24 33 29 28 25 43 48 21 12 23 18 59 48 55 41 30 16 31 28 31 18 17 57 42 48 32 33 16 16 49 16 55 11 33 28 10 57 46 51 16 20 23 11 40 54 53 51 55 38 59 15 24 45 37 34 14 
16 27 37 15 12 46 28 58 39 21 49 18 50 35 20 42 49 56 10 22 32 39 32 46 37 13 36 30 45 12 11 57 11 11 45 53 32 26 26 38 21 35 48 56 49 54 16 36 12 18 48 31 46 18 37 38 39 57 59 40 55 38 22 36 29 37 51 57 45 41 16 44 14 29 19 16 31 55 25 26 20 57 45 50 37 59 15 46 48 35 53 37 40 47 15 42 13 10 14 49 
48 25 18 20 50 59 57 17 14 14 47 45 59 52 23 22 42 43 11 39 47 43 10 24 43 17 28 20 28 18 51 42 47 44 59 11 29 43 16 52 50 47 22 20 30 45 23 25 57 37 34 44 13 43 38 46 34 44 35 59 22 44 34 52 14 32 15 23 22 33 44 20 32 13 57 32 10 47 27 16 41 57 15 46 17 59 50 58 45 57 44 52 35 56 15 38 48 52 38 55 
52 47 16 27 13 53 15 56 19 34 14 25 49 16 19 52 59 35 46 21 57 28 23 37 22 56 19 51 40 50 44 25 46 33 26 54 46 47 26 53 59 31 54 37 45 10 50 45 35 28 28 16 39 18 51 35 46 40 26 30 44 57 38 46 14 10 33 24 21 50 10 14 43 26 51 30 55 16 48 16 17 26 17 38 59 34 15 51 50 42 18 56 27 50 27 17 44 56 22 12 
49 36 55 16 24 10 46 39 36 32 39 11 22 36 24 17 30 48 22 54 21 40 10 53 16 21 57 49 18 50 12 39 28 29 17 44 57 37 35 23 19 31 52 49 46 31 11 44 39 18 46 29 57 14 58 12 15 48 42 25 26 41 39 33 37 31 23 42 50 26 48 29 49 23 19 11 31 43 24 48 22 44 19 11 34 43 19 24 59 55 32 51 26 37 12 25 51 48 20 27 
15 47 34 32 49 51 58 14 44 28 51 32 28 34 36 47 43 51 55 28 25 34 12 56 16 34 26 41 54 50 44 56 36 37 15 28 51 51 25 51 31 19 10 27 26 53 34 24 15 17 12 26 35 56 42 49 56 55 13 12 11 36 13 44 59 10 15 56 35 30 46 55 53 33 42 16 56 20 36 52 10 50 55 12 10 25 46 21 20 44 39 44 10 42 16 46 44 50 27 42 
26 26 48 35 11 20 10 42 31 53 48 14 53 55 40 48 27 30 55 43 25 56 43 50 42 49 49 43 27 39 13 39 23 10 12 55 21 11 28 23 23 17 14 36 27 21 39 24 26 41 52 58 32 15 47 17 18 24 22 20 56 25 40 25 56 50 57 52 24 54 44 30 25 10 16 16 12 56 43 21 27 25 55 35 14 58 29 39 48 31 52 57 57 19 12 31 18 32 19 57 
59 59 30 30 46 44 22 25 13 45 51 59 27 18 54 29 41 39 18 17 19 16 59 35 36 34 17 34 44 38 56 55 41 24 59 28 48 17 53 14 15 57 27 15 51 53 43 57 39 46 15 43 14 40 12 14 39 48 30 14 32 36 11 25 46 41 40 35 20 24 48 17 50 48 41 57 52 28 30 41 21 29 41 50 43 32 23 12 12 38 31 58 57 55 16 32 46 54 37 54 
43 57 50 45 24 33 47 13 28 40 15 26 18 22 16 28 11 52 36 16 12 44 33 30 22 10 35 21 10 55 48 30 11 43 58 52 58 44 55 47 22 53 18 19 31 26 32 42 51 43 48 25 36 26 58 49 43 15 57 56 29 35 27 47 30 40 52 45 49 33 40 33 37 46 41 45 32 55 39 45 23 45 45 43 46 56 58 45 12 31 20 42 46 48 29 46 52 25 38 58 
56 46 21 36 57 31 12 55 12 24 49 32 17 30 30 14 19 40 58 51 20 20 51 27 43 35 46 59 35 50 36 16 32 13 46 27 25 52 55 26 16 46 47 58 36 24 45 25 18 50 20 24 14 22 12 48 16 35 40 59 39 39 23 48 27 31 55 51 29 49 18 25 22 33 41 30 57 13 18 18 25 39 26 49 23 31 51 19 41 32 24 26 48 30 28 59 15 10 54 46 
38 16 37 23 33 31 37 33 21 33 44 12 47 27 23 13 36 55 55 23 16 30 19 15 56 43 33 12 39 29 36 53 45 25 31 54 17 31 47 59 29 56 25 12 52 13 17 50 19 17 46 19 25 46 29 19 23 45 38 11 28 29 16 41 38 34 55 53 34 26 34 21 45 32 31 17 55 34 48 43 18 55 32 43 41 13 42 10 50 40 18 15 12 18 28 17 21 30 38 16 
23 42 52 42 27 30 18 34 47 54 43 24 24 24 56 50 35 15 23 27 52 41 29 40 28 38 58 30 39 51 26 47 18 36 35 19 28 30 45 24 16 57 16 44 20 11 18 38 54 49 34 36 54 50 49 32 29 11 12 54 33 49 19 37 47 46 26 37 29 33 59 24 25 54 46 29 38 36 18 12 56 47 25 48 26 48 42 34 43 25 16 16 22 26 34 39 52 44 32 59 
56 36 42 12 35 26 25 12 19 15 27 54 14 53 34 59 32 31 43 23 27 53 33 20 35 34 45 11 32 18 55 36 30 51 48 39 32 37 53 18 14 32 36 47 26 13 50 22 49 13 39 59 32 12 12 29 14 39 44 48 34 36 23 44 32 58 13 13 17 28 43 47 55 39 21 54 19 21 17 36 32 55 52 32 38 56 21 45 45 39 26 42 16 18 59 30 56 34 30 36 
16 43 55 34 51 48 48 24 14 37 13 52 14 33 12 35 21 52 34 59 45 50 56 38 15 14 51 19 41 39 12 43 52 42 22 59 21 57 15 50 29 19 38 49 38 40 31 38 50 16 58 54 55 35 20 58 26 40 25 24 36 32 39 53 42 15 46 43 15 47 42 48 25 24 28 59 42 18 56 48 38 48 55 19 29 54 22 29 59 28 27 18 53 21 13 50 46 36 13 14 
10 28 33 57 56 26 40 25 12 10 27 33 46 28 57 39 34 38 20 18 35 27 22 44 12 29 22 30 21 45 50 21 24 10 20 55 27 14 47 27 25 52 48 33 25 39 47 48 29 46 40 19 50 31 29 41 36 30 21 14 53 44 17 59 46 39 10 17 15 25 44 59 54 52 30 29 27 23 13 27 37 20 15 13 51 22 36 14 32 44 26 10 53 55 12 57 31 21 54 19 
26 45 49 28 17 28 14 10 42 59 30 45 58 52 26 42 39 26 19 18 43 59 45 17 30 31 52 40 37 16 55 46 13 12 28 45 45 38 38 20 11 59 24 45 36 17 47 51 48 53 56 43 53 28 33 45 19 56 41 21 49 44 33 59 41 59 52 16 10 47 50 29 33 48 27 43 10 18 16 48 23 30 26 18 45 33 39 58 16 30 35 56 43 48 29 56 50 35 29 29 
51 57 55 14 18 18 54 51 51 47 10 42 35 46 48 18 40 45 23 44 13 37 45 36 30 46 41 30 59 58 37 59 45 33 47 11 41 27 43 31 36 39 41 54 52 27 10 38 26 44 59 17 50 41 33 51 41 59 49 59 35 59 23 55 36 11 34 43 49 45 34 55 55 30 43 27 52 12 34 33 50 15 28 30 53 40 16 25 24 40 18 18 34 18 21 27 27 38 50 59 
40 30 50 22 10 24 35 44 42 21 16 28 54 36 46 26 52 48 48 25 22 57 56 19 12 31 16 20 17 26 10 30 55 35 58 34 34 53 39 46 23 26 18 44 11 21 15 25 34 42 49 42 34 10 35 47 36 10 34 24 47 55 35 39 11 48 54 54 16 35 31 50 44 29 39 55 18 17 55 34 48 16 30 42 26 32 17 13 31 15 49 35 39 38 49 37 54 50 58 14 
27 52 40 28 58 16 50 42 53 49 11 53 37 29 53 43 41 52 45 36 52 40 26 21 27 17 30 55 26 31 42 42 16 51 30 25 55 53 23 31 52 45 27 22 41 27 31 12 32 38 40 39 34 59 13 11 54 51 24 43 30 54 48 37 23 12 18 12 13 59 18 35 50 48 33 55 11 15 18 33 47 51 36 40 19 30 45 53 41 34 12 10 31 35 19 40 54 32 46 50 
25 12 14 42 43 48 15 20 55 33 52 19 47 53 57 44 49 28 48 58 40 39 17 23 20 57 56 31 42 54 52 58 46 13 59 48 33 35 11 50 49 56 22 35 34 38 45 13 41 37 10 58 30 54 26 39 36 48 25 32 12 22 31 27 38 25 39 19 42 49 46 29 45 50 26 42 45 32 13 21 56 51 10 42 32 21 30 23 25 55 30 20 38 30 31 56 14 24 59 20 
29 12 45 31 54 40 42 21 55 11 26 43 20 18 32 55 16 24 12 44 15 22 31 51 35 50 35 21 27 42 43 47 53 10 39 28 34 44 39 45 20 15 21 52 34 10 26 20 11 19 19 33 27 10 35 16 50 58 15 17 59 51 20 42 46 29 30 39 35 29 19 11 41 34 17 35 11 43 29 48 24 23 34 44 30 11 57 34 21 27 25 50 39 15 38 21 42 37 20 49 
26 47 58 58 14 58 25 31 43 35 51 24 57 22 14 36 14 18 31 44 48 26 26 16 40 39 47 39 49 53 14 11 44 30 47 46 12 42 38 26 32 53 18 39 43 47 33 57 56 54 11 13 30 13 32 30 42 13 34 43 17 25 42 40 27 26 50 28 36 38 39 54 13 59 43 13 20 50 37 20 37 42 53 47 23 21 25 59 11 28 41 18 13 18 48 38 24 17 32 31 
32 16 27 20 58 53 44 51 29 12 22 21 21 53 15 41 11 20 58 31 52 54 44 45 10 15 15 33 10 48 49 20 27 42 58 20 55 29 58 49 31 11 55 33 47 59 10 17 44 44 37 22 51 14 56 22 47 11 11 42 25 48 55 38 54 36 38 55 38 15 59 17 22 11 59 37 52 13 55 52 27 59 36 15 52 58 13 25 57 33 25 59 47 29 41 30 13 28 12 38 
16 41 55 46 39 41 38 19 12 49 18 48 14 32 18 16 31 57 13 21 34 29 17 15 59 48 21 55 45 52 42 36 27 13 27 59 14 27 22 24 39 53 37 14 22 41 49 36 57 59 49 34 46 22 47 17 13 51 42 39 37 21 12 56 56 43 57 14 42 12 55 36 34 41 55 33 42 53 12 29 42 49 47 59 45 39 14 12 59 10 42 55 53 31 59 50 14 37 15 29 
10 38 38 32 28 45 34 44 11 44 47 25 49 41 34 19 10 56 20 37 43 31 21 28 56 10 23 21 56 18 54 31 55 12 56 30 14 13 20 46 29 45 26 23 45 52 28 25 30 46 35 56 54 22 42 25 15 36 11 33 16 40 53 50 51 24 33 17 10 59 32 45 22 12 28 34 12 58 45 48 22 47 32 52 10 53 29 41 30 51 55 44 24 45 39 59 42 46 29 10 
53 45 26 18 48 59 35 56 29 41 24 12 30 47 58 37 58 11 48 23 13 15 51 27 22 15 41 55 28 32 54 30 48 31 55 33 53 25 28 45 47 59 59 52 14 34 41 26 39 32 16 28 35 52 20 21 42 38 32 59 37 36 58 38 37 48 35 54 35 49 31 50 50 26 41 58 57 11 17 11 20 17 37 19 13 36 50 33 34 14 29 16 45 59 58 40 33 18 26 44 
33 41 14 43 51 32 20 47 24 28 54 39 33 19 17 51 45 37 33 32 38 45 59 27 19 53 27 25 50 51 29 48 14 36 22 51 53 19 30 57 22 38 10 19 52 50 49 54 52 30 46 56 24 46 31 53 26 34 55 48 59 37 14 14 41 56 17 45 24 10 42 33 53 22 42 43 49 28 49 43 19 47 55 55 22 49 45 58 39 17 40 14 11 50 53 28 22 37 33 32 
43 45 46 30 17 12 49 16 36 34 12 47 45 59 26 50 27 16 31 35 30 52 25 57 18 44 41 39 42 15 22 49 33 30 52 42 56 40 29 32 25 11 46 15 34 37 14 39 42 11 29 47 11 36 14 33 21 57 55 35 45 22 39 20 28 33 39 19 22 34 34 42 35 25 53 56 42 28 44 21 32 46 26 49 11 14 43 54 36 58 14 43 28 44 27 24 26 24 26 56 
33 58 20 56 51 51 26 49 30 15 58 11 41 31 35 38 33 14 19 40 48 51 49 13 58 27 14 37 50 57 16 33 49 22 46 39 48 49 45 51 27 30 20 57 41 42 16 49 44 13 20 22 42 52 53 23 33 21 50 52 53 30 29 59 22 36 55 46 16 13 24 58 18 38 48 33 15 21 53 27 53 37 24 50 26 11 49 54 46 22 34 43 50 11 43 45 38 43 47 44 
37 31 32 23 19 50 28 42 58 26 50 37 18 31 16 15 11 44 30 15 17 59 40 35 13 49 54 48 24 33 58 18 40 47 24 23 23 12 30 38 26 14 26 59 37 47 47 19 42 15 15 36 47 26 24 15 50 56 42 45 53 46 56 48 16 13 24 59 51 35 34 34 54 23 59 36 57 44 57 36 53 54 52 21 29 35 49 56 41 31 28 23 26 40 16 19 50 19 44 56 
19 13 16 51 53 56 43 10 17 45 22 27 29 25 13 33 51 26 59 25 28 53 48 57 21 51 34 23 35 17 30 31 37 18 46 35 31 36 59 29 51 21 22 19 45 23 40 24 46 43 42 48 49 15 30 50 28 51 38 45 47 30 34 57 14 13 54 22 25 14 10 12 24 39 54 36 23 38 58 39 11 59 13 52 40 26 50 58 18 40 13 11 22 54 59 45 15 32 49 18 
12 39 50 20 56 37 54 32 46 33 14 43 16 11 51 44 41 32 39 12 36 40 29 48 39 45 12 20 37 34 20 59 52 15 53 25 38 32 44 36 58 33 11 47 48 57 12 35 10 38 15 53 40 16 41 49 25 31 37 24 50 23 49 20 48 23 30 48 31 24 13 14 32 26 14 46 35 34 28 12 30 19 48 42 51 34 10 26 32 14 12 10 26 36 46 12 47 11 11 59 
27 12 25 41 53 20 18 49 18 44 31 16 46 47 31 50 32 28 33 13 41 22 56 23 11 25 14 45 43 24 14 47 13 44 43 32 31 54 30 17 48 39 57 50 33 11 53 36 41 10 58 23 13 21 53 42 11 24 59 26 22 44 59 12 22 51 19 10 40 29 45 22 25 21 27 21 23 31 16 55 53 10 53 24 52 54 43 46 12 35 19 13 17 16 53 39 11 30 55 38 
51 19 30 25 54 38 18 44 48 43 48 47 45 40 42 25 40 31 35 12 14 56 22 14 55 35 54 59 54 39 42 19 26 39 21 43 40 56 42 43 33 49 40 45 47 30 49 39 20 31 57 49 23 54 31 15 25 23 44 59 47 25 24 18 21 43 56 53 47 41 15 11 11 50 12 55 30 21 20 27 33 44 43 51 11 38 47 39 10 25 19 32 21 12 30 33 24 47 10 20 
51 38 53 21 31 28 58 43 43 55 19 32 28 13 24 55 59 10 56 52 54 15 19 28 45 11 28 57 16 47 45 19 24 43 11 50 35 34 56 10 48 41 31 27 34 44 25 54 12 29 30 27 29 34 47 40 55 26 54 59 22 45 25 31 12 51 14 33 43 12 21 39 34 19 43 25 55 10 36 51 57 23 31 46 22 50 44 16 28 32 29 26 28 51 19 26 13 39 58 27 
55 13 40 30 35 44 31 43 45 47 53 37 58 34 52 28 10 54 41 46 55 18 13 57 52 31 29 17 31 32 21 51 12 11 33 25 16 40 21 25 33 10 38 45 13 22 42 36 17 49 52 59 36 21 52 41 20 10 48 40 30 55 39 28 51 22 44 43 30 42 10 20 24 51 59 46 25 43 39 37 14 38 29 44 20 28 27 57 35 16 20 23 58 50 29 54 59 53 15 24 
47 18 16 21 24 57 53 39 47 40 45 24 44 36 25 28 44 57 58 57 15 42 41 47 37 56 19 34 59 13 11 51 14 39 25 25 10 42 43 29 56 49 38 48 51 13 16 30 30 59 15 34 38 47 44 39 49 58 33 48 25 12 51 45 23 21 26 37 43 40 25 42 42 41 45 50 22 16 12 58 23 36 57 24 25 53 17 47 28 48 34 30 43 55 38 19 43 31 47 20 
59 33 43 15 57 23 46 44 19 44 10 30 49 17 28 16 45 52 32 43 45 43 37 59 21 50 45 10 39 33 16 45 55 19 46 41 49 59 11 17 55 29 44 37 15 20 43 12 10 13 48 58 35 29 14 50 53 17 17 29 35 59 50 56 58 27 56 19 40 39 41 17 29 48 35 59 30 24 20 15 42 25 28 30 47 24 19 13 54 10 51 11 54 37 51 20 56 34 43 58 
50 41 30 14 45 13 55 19 24 42 27 40 28 42 23 50 21 42 45 27 55 31 28 15 43 31 56 30 48 54 18 37 45 37 35 15 10 52 14 28 50 34 39 25 14 31 32 54 27 19 20 32 12 34 37 57 30 51 27 51 27 28 25 31 15 37 24 43 47 42 59 22 42 45 52 45 40 44 30 38 48 34 44 43 13 35 32 42 20 25 40 24 33 32 46 18 48 41 25 36 
22 23 38 29 11 51 25 36 28 31 58 47 41 49 49 12 40 34 41 52 28 10 10 44 16 40 50 33 59 28 45 44 15 54 54 18 10 29 28 59 57 40 59 58 44 29 42 50 48 30 57 43 50 32 55 50 37 10 42 57 59 10 40 56 14 41 15 11 42 49 27 30 36 53 16 33 26 17 46 26 43 53 32 24 58 31 47 21 19 30 46 37 51 13 33 38 51 57 59 41 
33 20 31 38 53 50 13 44 26 57 23 32 55 34 48 32 37 29 43 26 15 54 56 34 51 49 58 57 26 20 51 33 25 15 16 48 56 28 22 54 36 25 53 33 29 34 28 29 32 30 21 25 35 39 54 47 55 40 59 10 11 54 21 13 52 19 58 16 23 29 49 15 21 11 20 37 36 49 32 12 34 56 59 33 22 33 24 31 18 30 41 16 58 59 55 57 26 53 58 52 
41 14 55 54 10 59 11 41 58 55 35 55 44 43 10 59 27 57 19 51 41 59 58 34 47 19 22 55 39 19 34 27 26 28 37 54 59 56 52 33 56 27 21 28 58 41 43 34 48 44 28 28 35 14 54 31 20 21 32 11 10 52 40 35 40 11 30 58 37 40 15 42 35 24 22 14 52 19 48 15 26 26 31 40 24 51 36 46 45 43 11 34 36 52 19 11 56 37 17 47 
37 30 15 37 47 20 43 13 47 43 51 45 31 37 38 40 44 21 39 13 40 18 40 58 42 51 30 26 23 28 25 44 19 34 51 45 18 20 58 45 38 11 31 15 11 56 32 19 41 47 30 35 44 12 37 56 48 12 57 49 55 58 11 28 33 17 29 33 25 28 43 20 19 35 56 49 43 28 19 28 21 27 13 26 48 36 53 42 36 20 48 17 40 14 38 21 28 31 33 58 
17 18 29 55 11 49 26 16 49 35 35 42 38 31 26 22 47 18 48 40 15 50 59 29 17 13 23 16 45 43 58 53 59 22 16 26 45 29 31 24 59 18 57 24 24 22 17 32 37 52 30 59 58 31 46 52 12 27 34 48 53 49 48 24 56 28 56 18 47 55 28 57 35 57 31 47 53 17 30 59 56 49 12 22 30 41 36 51 35 55 59 26 34 16 37 32 46 18 56 19 
42 18 48 54 14 40 37 59 29 28 34 11 21 15 26 37 23 22 40 28 38 49 23 51 33 56 41 50 41 45 42 42 42 10 54 12 17 11 28 43 33 54 29 36 43 43 42 22 46 35 12 22 34 55 56 12 33 18 15 37 18 21 41 10 30 40 13 37 19 26 57 28 28 37 41 25 12 23 31 36 46 34 52 51 19 57 22 58 52 58 52 46 30 27 39 34 41 48 16 21 
10 57 18 49 15 41 28 24 11 26 54 27 55 27 49 23 10 34 54 59 35 40 27 34 59 46 34 17 45 25 18 35 40 42 21 47 30 22 51 38 21 22 56 36 10 18 31 51 58 32 58 10 18 38 55 52 48 20 33 37 53 55 14 23 42 35 14 55 31 58 28 44 30 51 48 42 29 47 26 42 22 44 41 47 54 12 21 24 52 29 44 57 40 13 51 16 21 57 47 12 
25 23 27 27 59 11 53 48 42 14 47 22 22 32 47 34 51 18 28 11 37 33 12 21 40 49 11 25 47 38 39 31 47 23 37 48 37 24 56 35 42 41 49 29 29 57 22 16 20 12 15 21 30 40 51 10 49 48 34 11 15 50 49 35 42 14 13 40 40 21 16 18 47 11 37 40 32 57 17 56 24 15 59 16 20 25 45 48 45 44 23 33 36 23 37 36 32 17 39 26 
37 35 10 58 35 40 17 23 56 26 52 15 11 17 40 13 57 12 15 44 45 54 56 50 46 57 15 17 38 18 41 56 59 32 52 23 18 12 51 51 36 34 17 18 56 18 42 23 37 41 51 39 47 10 47 19 10 14 50 57 37 39 56 49 48 41 58 52 31 57 53 23 16 39 53 11 26 54 48 48 35 31 31 40 43 26 59 16 19 26 28 19 55 44 38 54 42 26 18 26 
23 23 41 46 20 26 59 32 20 43 33 26 16 56 34 18 56 30 30 26 29 38 37 48 44 19 27 38 40 31 51 50 53 54 19 17 50 33 32 57 10 35 22 42 29 50 11 15 15 36 47 23 39 26 38 55 19 46 16 30 53 16 52 21 43 48 27 55 19 59 57 55 52 12 27 50 13 15 15 12 16 55 22 57 10 49 25 15 37 57 37 13 36 25 35 56 41 13 25 23 
20 26 41 37 43 38 44 13 54 36 34 18 45 12 45 51 46 53 30 24 54 17 22 14 56 51 16 36 26 43 43 21 36 15 25 16 58 28 29 51 34 27 10 44 55 35 35 54 47 25 22 49 18 20 42 46 55 32 45 58 19 29 48 26 33 10 20 51 53 58 16 28 28 22 25 29 37 31 24 52 10 59 38 21 37 46 35 16 25 43 13 15 36 13 25 55 37 40 41 40 
43 57 33 41 23 54 59 36 50 22 51 39 58 58 38 37 35 20 29 40 33 57 12 25 42 33 15 47 17 19 40 51 21 54 54 35 49 15 16 34 27 16 58 20 40 10 48 26 27 38 33 53 58 42 36 23 58 45 26 17 40 26 21 51 43 39 45 10 51 53 48 48 46 17 19 37 20 36 50 51 24 26 34 52 58 22 52 26 18 37 19 52 49 23 58 56 10 56 56 38 
18 46 47 13 33 11 51 55 40 54 10 53 14 54 14 52 34 29 41 53 37 11 12 33 48 21 44 11 15 10 42 16 46 20 27 53 37 52 20 50 18 35 49 29 51 49 45 16 49 33 29 33 54 37 55 46 55 12 26 17 32 24 58 18 32 18 50 17 57 41 46 56 16 27 24 50 27 15 21 43 13 49 36 52 39 50 37 50 46 53 57 13 30 20 15 19 31 31 52 42 
52 30 35 41 28 48 11 12 17 25 35 40 11 12 10 48 57 32 50 29 27 53 20 16 52 53 59 42 59 33 53 43 54 16 46 35 24 10 42 32 55 13 19 55 57 18 29 44 46 33 54 42 50 35 56 49 58 25 22 28 29 29 42 23 47 50 26 43 50 31 46 37 55 16 23 59 30 16 43 26 15 17 31 21 11 20 26 23 48 38 57 44 48 59 30 59 25 26 25 42 
34 38 47 10 58 53 18 17 31 18 42 27 25 16 30 22 14 12 57 46 53 26 38 16 34 25 33 20 38 46 29 18 48 42 31 26 33 22 46 30 26 52 28 18 36 22 56 41 13 14 48 57 32 55 21 25 47 31 47 14 38 50 24 26 54 41 25 16 44 25 16 25 10 44 49 12 21 17 17 17 37 46 53 45 22 41 37 59 16 11 45 56 19 36 21 18 50 24 57 35 
17 43 25 37 54 40 15 28 44 43 21 26 13 58 10 51 20 33 33 49 42 33 47 38 49 13 47 50 23 37 11 13 23 40 24 59 58 13 58 27 50 28 34 52 58 16 44 58 36 27 45 17 37 31 15 40 30 55 18 19 58 52 18 37 26 43 15 38 50 21 50 27 12 29 53 58 36 20 17 23 56 50 28 36 46 20 59 49 23 22 18 30 47 25 35 32 36 50 39 15 
20 37 44 35 45 36 50 58 39 50 43 27 47 33 55 13 54 46 44 12 35 51 35 11 15 14 38 51 43 20 35 36 35 50 49 17 45 57 29 43 24 38 23 58 36 50 37 19 26 25 25 47 33 36 10 13 13 39 19 53 10 31 21 38 23 48 28 12 20 28 33 26 20 28 45 11 45 29 56 23 56 49 54 14 29 29 37 48 21 55 12 53 50 57 25 34 44 35 13 52 
20 57 57 15 22 16 16 40 41 44 11 31 48 16 25 46 29 34 46 32 12 12 31 40 35 40 18 59 47 27 38 22 41 44 53 18 50 47 48 37 19 19 40 40 36 50 48 51 20 36 20 54 38 47 13 45 49 37 38 56 14 28 56 35 23 43 51 58 56 43 19 37 33 11 17 55 12 45 20 12 31 55 30 33 48 27 35 23 22 34 59 40 38 55 43 43 37 55 10 45 
50 32 48 31 53 56 33 21 18 26 10 49 37 57 32 38 49 32 53 18 59 38 26 20 52 55 27 37 14 14 52 12 36 54 55 34 58 43 54 41 35 30 57 28 58 27 54 32 27 48 51 49 28 20 22 10 22 44 37 35 27 50 57 50 50 15 44 53 24 24 10 58 42 35 30 33 58 11 24 37 33 20 24 27 27 30 29 15 57 37 25 10 48 29 23 58 54 19 10 16 
15 20 38 23 30 42 42 26 47 41 24 11 40 45 12 33 13 54 37 48 14 12 26 28 57 31 47 43 22 22 30 11 15 45 46 27 51 23 58 42 27 13 56 23 54 17 35 26 39 42 18 12 54 31 16 58 15 54 54 34 38 11 41 50 13 35 38 19 49 30 59 22 48 23 10 51 24 15 54 21 35 44 16 18 57 54 19 33 25 56 32 18 33 36 56 16 15 55 47 53 
51 49 48 49 37 32 12 56 42 31 45 39 44 57 28 49 59 25 32 52 22 17 41 58 14 31 50 19 18 35 37 28 24 15 15 49 17 15 56 33 51 59 44 44 36 46 21 32 29 18 21 10 14 45 13 22 18 32 50 11 47 22 57 29 51 58 20 15 35 50 40 41 48 55 48 21 44 57 15 31 12 10 21 27 25 49 11 33 25 19 13 12 41 45 49 17 54 45 24 22 
37 44 15 55 45 59 48 15 25 51 16 19 29 37 22 58 39 53 41 11 11 56 58 39 48 16 51 11 23 41 11 29 46 37 52 51 15 45 18 59 21 40 34 44 48 23 16 53 33 31 41 12 13 59 33 10 46 10 26 52 56 24 13 41 12 19 43 32 42 49 52 14 29 50 46 25 15 22 32 36 15 35 20 16 48 56 28 24 23 56 36 25 45 41 39 16 48 26 48 58 
25 59 32 43 28 39 53 26 38 21 50 34 51 57 57 29 41 42 49 15 13 59 50 51 28 55 27 55 27 30 48 46 35 12 42 55 38 15 56 30 51 23 56 38 37 13 34 46 46 25 57 28 26 28 54 14 23 39 25 32 53 17 27 36 27 40 17 29 46 18 10 32 34 45 38 24 18 59 37 52 31 50 49 46 53 53 56 31 38 54 28 12 53 56 37 27 45 13 32 36 
45 21 26 14 14 52 53 10 10 26 19 44 58 10 42 26 45 53 13 34 31 58 21 35 53 13 33 26 33 45 13 22 27 44 29 17 26 14 44 41 25 32 40 20 47 25 55 53 31 52 25 59 18 58 26 30 56 53 13 27 43 20 24 54 25 24 34 21 35 10 27 32 59 27 28 23 18 39 29 46 35 34 56 47 27 42 31 50 11 45 35 33 57 16 48 27 53 48 44 17 
49 54 20 41 13 25 47 50 31 37 57 20 44 51 59 51 50 50 16 23 58 33 50 22 35 31 55 56 38 14 11 33 23 58 56 47 38 22 28 42 44 24 16 29 18 37 40 11 36 52 26 34 54 15 12 29 48 44 31 16 45 28 59 20 23 18 45 25 22 14 12 44 25 20 23 34 52 44 41 58 50 34 11 41 12 53 56 30 11 15 39 38 24 17 33 59 26 28 45 34 
24 47 39 28 21 12 32 52 47 52 57 48 32 48 23 43 58 41 10 56 19 19 39 27 34 16 31 49 35 48 19 29 41 49 17 39 23 14 45 10 53 59 54 12 18 44 37 32 17 56 52 32 10 18 29 31 43 37 33 15 54 18 35 54 51 44 12 43 34 46 23 41 11 13 15 36 56 38 11 21 20 40 13 37 51 51 12 19 36 29 44 23 40 31 27 59 27 25 21 35 
18 22 10 34 25 59 30 15 21 31 40 47 29 17 45 26 52 42 59 16 54 34 54 30 19 43 16 53 51 32 15 47 17 58 38 56 30 57 39 34 49 19 24 39 32 29 18 27 23 32 28 43 37 30 38 14 24 57 13 34 36 23 51 52 52 14 40 59 35 35 53 51 22 31 47 50 48 14 23 27 46 21 29 23 16 45 10 14 50 32 13 25 55 16 36 17 56 56 40 56 
